I
800	# Converted by FS2XPlane 3.11
OBJ

# file KedrSh.bgl

TEXTURE		ZilokKUZOF2.png
TEXTURE_LIT	ZilokKUZOF2_LIT.png
POINT_COUNTS	48 0 0 72

VT	-621.396    1.244 1638.528	-0.927  0.000 -0.375	0.4680 0.0879
VT	-621.396    1.244 1638.528	-0.375  0.000  0.927	0.5205 0.0778
VT	-621.396    1.244 1638.528	 0.000 -1.000  0.000	0.5143 0.2556
VT	-621.396    3.428 1638.528	-0.927  0.000 -0.375	0.4627 0.3071
VT	-621.396    3.428 1638.528	-0.375  0.000  0.927	0.5211 0.3054
VT	-621.396    3.428 1638.528	 0.000  1.000  0.000	0.5116 0.2822
VT	-619.840    1.244 1634.676	-0.927  0.000 -0.375	0.0090 0.0729
VT	-619.840    1.244 1634.676	 0.000 -1.000  0.000	0.5143 0.2978
VT	-619.840    1.244 1634.676	 0.375  0.000 -0.927	0.7273 0.3112
VT	-619.840    3.428 1634.676	-0.927  0.000 -0.375	0.0051 0.3049
VT	-619.840    3.428 1634.676	 0.000  1.000  0.000	0.5116 0.2489
VT	-619.840    3.428 1634.676	 0.375  0.000 -0.927	0.7266 0.5395
VT	-619.124    1.244 1639.444	-0.375  0.000  0.927	0.6510 0.0792
VT	-619.124    1.244 1639.444	 0.000 -1.000  0.000	0.4721 0.2556
VT	-619.124    1.244 1639.444	 0.927  0.000  0.375	0.0091 0.0731
VT	-619.124    3.428 1639.444	-0.375  0.000  0.927	0.6512 0.3054
VT	-619.124    3.428 1639.444	 0.000  1.000  0.000	0.4782 0.2822
VT	-619.124    3.428 1639.444	 0.927  0.000  0.375	0.0050 0.3048
VT	-617.568    1.244 1635.592	 0.000 -1.000  0.000	0.4721 0.2978
VT	-617.568    1.244 1635.592	 0.375  0.000 -0.927	0.5496 0.3119
VT	-617.568    1.244 1635.592	 0.927  0.000  0.375	0.4683 0.0879
VT	-617.568    3.428 1635.592	 0.000  1.000  0.000	0.4782 0.2489
VT	-617.568    3.428 1635.592	 0.375  0.000 -0.927	0.5489 0.5402
VT	-617.568    3.428 1635.592	 0.927  0.000  0.375	0.4633 0.3074
VT	-595.608    1.244 1638.856	-0.948  0.000  0.317	0.5205 0.0778
VT	-595.608    1.244 1638.856	-0.317  0.000 -0.948	0.4680 0.0879
VT	-595.608    1.244 1638.856	 0.000 -1.000  0.000	0.5143 0.2556
VT	-595.608    3.428 1638.856	-0.948  0.000  0.317	0.5211 0.3054
VT	-595.608    3.428 1638.856	-0.317  0.000 -0.948	0.4627 0.3071
VT	-595.608    3.428 1638.856	 0.000  1.000  0.000	0.5116 0.2822
VT	-594.828    1.244 1641.176	-0.948  0.000  0.317	0.6510 0.0792
VT	-594.828    1.244 1641.176	 0.000 -1.000  0.000	0.4721 0.2556
VT	-594.828    1.244 1641.176	 0.317  0.000  0.948	0.0091 0.0731
VT	-594.828    3.428 1641.176	-0.948  0.000  0.317	0.6512 0.3054
VT	-594.828    3.428 1641.176	 0.000  1.000  0.000	0.4782 0.2822
VT	-594.828    3.428 1641.176	 0.317  0.000  0.948	0.0050 0.3048
VT	-591.668    1.244 1637.536	-0.317  0.000 -0.948	0.0090 0.0729
VT	-591.668    1.244 1637.536	 0.000 -1.000  0.000	0.5143 0.2978
VT	-591.668    1.244 1637.536	 0.948  0.000 -0.317	0.7273 0.3112
VT	-591.668    3.428 1637.536	-0.317  0.000 -0.948	0.0051 0.3049
VT	-591.668    3.428 1637.536	 0.000  1.000  0.000	0.5116 0.2489
VT	-591.668    3.428 1637.536	 0.948  0.000 -0.317	0.7266 0.5395
VT	-590.888    1.244 1639.860	 0.000 -1.000  0.000	0.4721 0.2978
VT	-590.888    1.244 1639.860	 0.317  0.000  0.948	0.4683 0.0879
VT	-590.888    1.244 1639.860	 0.948  0.000 -0.317	0.5496 0.3119
VT	-590.888    3.428 1639.860	 0.000  1.000  0.000	0.4782 0.2489
VT	-590.888    3.428 1639.860	 0.317  0.000  0.948	0.4633 0.3074
VT	-590.888    3.428 1639.860	 0.948  0.000 -0.317	0.5489 0.5402

IDX10	26 31 42 45 34 29 41 38 44 29
IDX10	40 45 28 25 36 36 39 28 44 47
IDX10	41 24 27 33 46 43 32 33 30 24
IDX10	14 17 23 23 20 14 1 4 15 15
IDX10	12 1 6 9 3 3 0 6 19 22
IDX10	11 11 8 19 21 16 5 5 10 21
IDX10	18 7 2 2 13 18 42 37 26 32
IDX	35
IDX	46

ATTR_no_blend

TRIS	0 72
