I
800	# Converted by FS2XPlane 3.11
OBJ

# file UNAAOBJECT.bgl

TEXTURE		UNAACVETI.png
POINT_COUNTS	24 0 0 36

VT	-510.568    0.028 1275.068	-0.853  0.000  0.522	0.0000 0.0000
VT	-510.568    0.028 1275.068	-0.522  0.000 -0.853	1.0000 0.0000
VT	-510.568    0.028 1275.068	 0.000 -1.000  0.000	0.0000 0.0000
VT	-510.568    1.788 1275.068	-0.853  0.000  0.522	0.0000 1.0000
VT	-510.568    1.788 1275.068	-0.522  0.000 -0.853	1.0000 1.0000
VT	-510.568    1.788 1275.068	 0.000  1.000  0.000	1.0000 0.0000
VT	-510.552    0.028 1275.096	-0.853  0.000  0.522	1.0000 0.0000
VT	-510.552    0.028 1275.096	 0.000 -1.000  0.000	0.0000 1.0000
VT	-510.552    0.028 1275.096	 0.522  0.000  0.853	0.0000 0.0000
VT	-510.552    1.788 1275.096	-0.853  0.000  0.522	1.0000 1.0000
VT	-510.552    1.788 1275.096	 0.000  1.000  0.000	1.0000 1.0000
VT	-510.552    1.788 1275.096	 0.522  0.000  0.853	0.0000 1.0000
VT	-509.132    0.028 1274.188	-0.522  0.000 -0.853	0.0000 0.0000
VT	-509.132    0.028 1274.188	 0.000 -1.000  0.000	1.0000 0.0000
VT	-509.132    0.028 1274.188	 0.853  0.000 -0.522	1.0000 0.0000
VT	-509.132    1.788 1274.188	-0.522  0.000 -0.853	0.0000 1.0000
VT	-509.132    1.788 1274.188	 0.000  1.000  0.000	0.0000 0.0000
VT	-509.132    1.788 1274.188	 0.853  0.000 -0.522	1.0000 1.0000
VT	-509.116    0.028 1274.216	 0.000 -1.000  0.000	1.0000 1.0000
VT	-509.116    0.028 1274.216	 0.522  0.000  0.853	1.0000 0.0000
VT	-509.116    0.028 1274.216	 0.853  0.000 -0.522	0.0000 0.0000
VT	-509.116    1.788 1274.216	 0.000  1.000  0.000	0.0000 1.0000
VT	-509.116    1.788 1274.216	 0.522  0.000  0.853	1.0000 1.0000
VT	-509.116    1.788 1274.216	 0.853  0.000 -0.522	0.0000 1.0000

IDX10	9 6 0 13 2 7 10 5 16 16
IDX10	21 10 4 1 12 12 15 4 7 18
IDX10	13 0 3 9 22 19 8 8 11 22
IDX	17
IDX	14
IDX	20
IDX	20
IDX	23
IDX	17

ATTR_no_blend

TRIS	0 36
