I
800	# Converted by FS2XPlane 3.11
OBJ

# file UNAAOBJECT.bgl

TEXTURE		Host3.png
TEXTURE_LIT	Host3_LIT.png
POINT_COUNTS	92 0 0 144

VT	-642.344    0.004 1501.552	-0.978  0.000 -0.208	0.7255 0.2208
VT	-642.344    0.004 1501.552	-0.208  0.000  0.978	0.9979 0.0037
VT	-642.344    0.004 1501.552	 0.000 -1.000  0.000	0.0000 0.0000
VT	-642.344    6.292 1501.552	-0.978  0.000 -0.208	0.7255 0.5768
VT	-642.344    6.292 1501.552	-0.208  0.000  0.978	0.7784 0.0044
VT	-642.344    6.292 1501.552	 0.000  1.000  0.000	0.8849 0.8973
VT	-641.648    6.276 1498.360	-0.208  0.000  0.978	0.0087 0.5756
VT	-641.648    6.276 1498.360	 0.000 -1.000  0.000	0.0000 0.0000
VT	-641.648    6.300 1498.328	-0.978  0.000 -0.208	0.5013 0.5885
VT	-641.648    6.300 1498.328	 0.000 -1.000  0.000	0.0000 0.0000
VT	-641.648    7.876 1498.360	-0.208  0.000  0.978	0.0082 0.6938
VT	-641.648    7.876 1498.360	 0.000  1.000  0.000	0.9529 0.8524
VT	-641.648    7.880 1498.328	-0.978  0.000 -0.208	0.5009 0.7349
VT	-641.648    7.880 1498.328	 0.000  1.000  0.000	0.9225 0.8432
VT	-641.104    6.276 1495.800	 0.000 -1.000  0.000	1.0000 0.0000
VT	-641.104    6.276 1495.800	 0.208  0.000 -0.978	0.3717 0.3142
VT	-641.104    7.876 1495.800	 0.000  1.000  0.000	0.9066 0.8524
VT	-641.104    7.876 1495.800	 0.208  0.000 -0.978	0.3717 0.3862
VT	-640.272    0.004 1491.804	-0.978  0.000 -0.208	0.0051 0.2189
VT	-640.272    0.004 1491.804	 0.000 -1.000  0.000	1.0000 0.0000
VT	-640.272    0.004 1491.804	 0.208  0.000 -0.978	0.5891 0.2194
VT	-640.272    6.292 1491.804	-0.978  0.000 -0.208	0.0051 0.5750
VT	-640.272    6.292 1491.804	 0.000  1.000  0.000	0.9735 0.8973
VT	-640.272    6.292 1491.804	 0.208  0.000 -0.978	0.5891 0.3833
VT	-640.260    6.300 1491.796	-0.978  0.000 -0.208	0.0055 0.5746
VT	-640.260    6.300 1491.796	 0.000 -1.000  0.000	1.0000 0.0000
VT	-640.260    6.300 1491.796	 0.208  0.000 -0.978	0.5583 0.2902
VT	-640.260    7.880 1491.796	-0.978  0.000 -0.208	0.0046 0.7233
VT	-640.260    7.880 1491.796	 0.000  1.000  0.000	0.8553 0.8432
VT	-640.260    7.880 1491.796	 0.208  0.000 -0.978	0.5583 0.3524
VT	-638.452    6.300 1499.008	 0.000 -1.000  0.000	0.0000 1.0000
VT	-638.452    6.300 1499.008	 0.978  0.000  0.208	0.4869 0.2725
VT	-638.452    7.880 1499.008	 0.000  1.000  0.000	0.9225 0.9104
VT	-638.452    7.880 1499.008	 0.978  0.000  0.208	0.4869 0.3587
VT	-637.064    6.300 1492.476	 0.000 -1.000  0.000	1.0000 1.0000
VT	-637.064    6.300 1492.476	 0.208  0.000 -0.978	0.4961 0.2902
VT	-637.064    6.300 1492.476	 0.978  0.000  0.208	0.5731 0.2725
VT	-637.064    7.880 1492.476	 0.000  1.000  0.000	0.8553 0.9104
VT	-637.064    7.880 1492.476	 0.208  0.000 -0.978	0.4961 0.3524
VT	-637.064    7.880 1492.476	 0.978  0.000  0.208	0.5731 0.3587
VT	-625.972    6.276 1501.688	-0.208  0.000  0.978	0.4803 0.5866
VT	-625.972    6.276 1501.688	 0.000 -1.000  0.000	0.0000 1.0000
VT	-625.972    6.276 1501.688	 0.978  0.000  0.208	0.3987 0.3166
VT	-625.972    7.876 1501.688	-0.208  0.000  0.978	0.4798 0.7048
VT	-625.972    7.876 1501.688	 0.000  1.000  0.000	0.9529 0.8987
VT	-625.972    7.876 1501.688	 0.978  0.000  0.208	0.3987 0.3790
VT	-625.432    6.276 1499.132	 0.000 -1.000  0.000	1.0000 1.0000
VT	-625.432    6.276 1499.132	 0.208  0.000 -0.978	0.2998 0.3142
VT	-625.432    6.276 1499.132	 0.978  0.000  0.208	0.4612 0.3166
VT	-625.432    7.876 1499.132	 0.000  1.000  0.000	0.9066 0.8987
VT	-625.432    7.876 1499.132	 0.208  0.000 -0.978	0.2998 0.3862
VT	-625.432    7.876 1499.132	 0.978  0.000  0.208	0.4612 0.3790
VT	-625.076    0.004 1505.220	-0.208  0.000  0.978	0.9974 0.7365
VT	-625.076    0.004 1505.220	-0.208  0.000  0.978	0.9993 0.0042
VT	-625.076    0.004 1505.220	 0.000 -1.000  0.000	0.0000 0.7423
VT	-625.076    0.004 1505.220	 0.000 -1.000  0.000	0.0000 1.0000
VT	-625.076    6.292 1505.220	-0.208  0.000  0.978	0.7695 0.7365
VT	-625.076    6.292 1505.220	-0.208  0.000  0.978	0.7786 0.0042
VT	-625.076    6.292 1505.220	 0.000  1.000  0.000	0.0000 1.0005
VT	-625.076    6.292 1505.220	 0.000  1.000  0.000	0.8849 0.8088
VT	-623.004    0.004 1495.472	 0.000 -1.000  0.000	0.8048 0.7421
VT	-623.004    0.004 1495.472	 0.000 -1.000  0.000	1.0000 1.0000
VT	-623.004    0.004 1495.472	 0.208  0.000 -0.978	0.4252 0.2194
VT	-623.004    0.004 1495.472	 0.208  0.000 -0.978	0.7975 0.7465
VT	-623.004    6.292 1495.472	 0.000  1.000  0.000	0.8048 1.0003
VT	-623.004    6.292 1495.472	 0.000  1.000  0.000	0.9735 0.8088
VT	-623.004    6.292 1495.472	 0.208  0.000 -0.978	0.4252 0.3833
VT	-623.004    6.292 1495.472	 0.208  0.000 -0.978	0.7975 0.9978
VT	-617.824    0.004 1506.764	-0.208  0.000  0.978	0.9982 0.0033
VT	-617.824    0.004 1506.764	-0.208  0.000  0.978	0.9973 0.3040
VT	-617.824    0.004 1506.764	 0.000 -1.000  0.000	0.0000 0.7423
VT	-617.824    6.292 1506.764	-0.208  0.000  0.978	0.7766 0.3040
VT	-617.824    6.292 1506.764	-0.208  0.000  0.978	0.7777 0.0037
VT	-617.824    6.292 1506.764	 0.000  1.000  0.000	0.0000 1.0005
VT	-615.752    0.004 1497.016	 0.000 -1.000  0.000	0.8048 0.7421
VT	-615.752    0.004 1497.016	 0.208  0.000 -0.978	0.6331 0.7465
VT	-615.752    0.004 1497.016	 0.208  0.000 -0.978	0.7873 0.7440
VT	-615.752    6.292 1497.016	 0.000  1.000  0.000	0.8048 1.0003
VT	-615.752    6.292 1497.016	 0.208  0.000 -0.978	0.6331 0.9978
VT	-615.752    6.292 1497.016	 0.208  0.000 -0.978	0.7873 0.9956
VT	-613.912    0.004 1507.596	-0.208  0.000  0.978	0.9968 0.1069
VT	-613.912    0.004 1507.596	 0.000 -1.000  0.000	0.0000 0.7423
VT	-613.912    0.004 1507.596	 0.978  0.000  0.208	0.0000 0.7423
VT	-613.912    6.292 1507.596	-0.208  0.000  0.978	0.7762 0.1071
VT	-613.912    6.292 1507.596	 0.000  1.000  0.000	0.0000 1.0005
VT	-613.912    6.292 1507.596	 0.978  0.000  0.208	0.0000 1.0005
VT	-611.840    0.004 1497.848	 0.000 -1.000  0.000	0.8048 0.7421
VT	-611.840    0.004 1497.848	 0.208  0.000 -0.978	0.6482 0.7440
VT	-611.840    0.004 1497.848	 0.978  0.000  0.208	0.8048 0.7421
VT	-611.840    6.292 1497.848	 0.000  1.000  0.000	0.8048 1.0003
VT	-611.840    6.292 1497.848	 0.208  0.000 -0.978	0.6482 0.9956
VT	-611.840    6.292 1497.848	 0.978  0.000  0.208	0.8048 1.0003

IDX10	30 34 25 28 37 32 12 8 24 32
IDX10	13 28 39 36 31 31 33 39 24 27
IDX10	12 35 38 29 41 46 14 29 26 35
IDX10	44 11 16 16 49 44 14 7 41 6
IDX10	10 43 51 48 42 43 40 6 17 15
IDX10	47 47 50 17 42 45 51 19 2 55
IDX10	59 5 22 55 61 19 3 0 18 18
IDX10	21 3 22 65 59 1 4 56 91 88
IDX10	82 56 52 1 23 20 62 62 66 23
IDX10	82 85 91 54 70 74 73 58 64 74
IDX10	60 54 69 53 57 57 71 69 64 77
IDX10	73 63 75 78 86 74 70 78 67 63
IDX10	90 79 76 76 87 90 70 81 86 77
IDX10	89 84 80 68 72 84 73 77 25 9
IDX	30
IDX	72
IDX	83
IDX	80

ATTR_no_blend

TRIS	0 144
